[gd_scene load_steps=34 format=3 uid="uid://kbn6vjlw1115"]

[ext_resource type="PackedScene" uid="uid://5r18ariylymh" path="res://Assets/Fence/iron-fence-border-column.glb" id="1_sw0ll"]
[ext_resource type="PackedScene" uid="uid://cusfeeknrep7l" path="res://Assets/Fence/iron-fence-border-curve.glb" id="2_t6l6r"]
[ext_resource type="PackedScene" uid="uid://dejtxkef88n3j" path="res://Assets/Fence/iron-fence-border.glb" id="3_u2vpb"]
[ext_resource type="PackedScene" uid="uid://bdpdwwhkk4jg1" path="res://Assets/Fence/iron-fence-damaged.glb" id="4_uscxm"]
[ext_resource type="PackedScene" uid="uid://gl51vl17gfko" path="res://Assets/Fence/iron-fence-bar.glb" id="5_lsq52"]

[sub_resource type="StandardMaterial3D" id="StandardMaterial3D_3oifu"]
albedo_color = Color(0.396889, 0.396889, 0.396889, 1)

[sub_resource type="StandardMaterial3D" id="StandardMaterial3D_wnjid"]
albedo_color = Color(0.548963, 0.548963, 0.548963, 1)

[sub_resource type="StandardMaterial3D" id="StandardMaterial3D_kkgc2"]
albedo_color = Color(0.662452, 0.662452, 0.662452, 1)

[sub_resource type="StandardMaterial3D" id="StandardMaterial3D_2xyd4"]
albedo_color = Color(0.552956, 0.552956, 0.552956, 1)

[sub_resource type="StandardMaterial3D" id="StandardMaterial3D_8p4aq"]
albedo_color = Color(0.568973, 0.568973, 0.568973, 1)

[sub_resource type="StandardMaterial3D" id="StandardMaterial3D_uhh7i"]
albedo_color = Color(0.60933, 0.60933, 0.60933, 1)

[sub_resource type="StandardMaterial3D" id="StandardMaterial3D_6ghoc"]
albedo_color = Color(0.625597, 0.625597, 0.625597, 1)

[sub_resource type="StandardMaterial3D" id="StandardMaterial3D_86y71"]
albedo_color = Color(0.593134, 0.593134, 0.593134, 1)

[sub_resource type="StandardMaterial3D" id="StandardMaterial3D_kr4q8"]
albedo_color = Color(0.585062, 0.585062, 0.585062, 1)

[sub_resource type="StandardMaterial3D" id="StandardMaterial3D_tin3q"]
albedo_color = Color(0.537011, 0.537011, 0.537011, 1)

[sub_resource type="StandardMaterial3D" id="StandardMaterial3D_hqtc7"]
albedo_color = Color(0.60933, 0.60933, 0.60933, 1)

[sub_resource type="StandardMaterial3D" id="StandardMaterial3D_fitsg"]
albedo_color = Color(0.585062, 0.585062, 0.585062, 1)

[sub_resource type="StandardMaterial3D" id="StandardMaterial3D_gsfuq"]
albedo_color = Color(0.517184, 0.517184, 0.517184, 1)

[sub_resource type="StandardMaterial3D" id="StandardMaterial3D_2egww"]
albedo_color = Color(0.54099, 0.54099, 0.54099, 1)

[sub_resource type="StandardMaterial3D" id="StandardMaterial3D_ue8mb"]
albedo_color = Color(0.533037, 0.533037, 0.533037, 1)

[sub_resource type="StandardMaterial3D" id="StandardMaterial3D_55vtk"]
albedo_color = Color(0.544974, 0.544974, 0.544974, 1)

[sub_resource type="StandardMaterial3D" id="StandardMaterial3D_7o6ab"]
albedo_color = Color(0.678944, 0.678944, 0.678944, 1)

[sub_resource type="StandardMaterial3D" id="StandardMaterial3D_rlnmt"]
albedo_color = Color(0.60933, 0.60933, 0.60933, 1)

[sub_resource type="StandardMaterial3D" id="StandardMaterial3D_aan8k"]
albedo_color = Color(0.654232, 0.654232, 0.654232, 1)

[sub_resource type="StandardMaterial3D" id="StandardMaterial3D_gnymg"]
albedo_color = Color(0.61339, 0.61339, 0.61339, 1)

[sub_resource type="BoxShape3D" id="BoxShape3D_5nlhx"]
size = Vector3(3.4306, 1, 0.1)

[sub_resource type="BoxShape3D" id="BoxShape3D_iidr5"]
size = Vector3(0.5, 1, 0.1)

[sub_resource type="BoxShape3D" id="BoxShape3D_oj7gq"]
size = Vector3(2.06348, 1, 0.1)

[sub_resource type="BoxShape3D" id="BoxShape3D_jke4u"]
size = Vector3(1.02588, 1, 0.1)

[sub_resource type="StandardMaterial3D" id="StandardMaterial3D_0uh7u"]
albedo_color = Color(0.617455, 0.617455, 0.617455, 1)

[sub_resource type="StandardMaterial3D" id="StandardMaterial3D_y2f1q"]
albedo_color = Color(0.650128, 0.650128, 0.650128, 1)

[sub_resource type="BoxShape3D" id="BoxShape3D_od12u"]
size = Vector3(1, 1, 0.1)

[sub_resource type="BoxShape3D" id="BoxShape3D_h8yoj"]
size = Vector3(0.11, 0.70459, 0.0635498)

[node name="fence" type="Node3D"]
transform = Transform3D(1, 0, 0, 0, 1, 0, 0, 0, 1, 4.3863, 0, -1.14863)

[node name="fence border" type="Node3D" parent="."]

[node name="border-fence" parent="fence border" instance=ExtResource("1_sw0ll")]
transform = Transform3D(1, 0, 0, 0, 1, 0, 0, 0, 1, -2, 0, 0)

[node name="iron-fence-border-column" parent="fence border/border-fence" index="0"]
surface_material_override/0 = SubResource("StandardMaterial3D_3oifu")

[node name="border-fence2" parent="fence border" instance=ExtResource("1_sw0ll")]
transform = Transform3D(-1, 0, -8.74228e-08, 0, 1, 0, 8.74228e-08, 0, -1, 1, 0, -0.9)

[node name="iron-fence-border-column" parent="fence border/border-fence2" index="0"]
surface_material_override/0 = SubResource("StandardMaterial3D_wnjid")

[node name="border-fence3" parent="fence border" instance=ExtResource("1_sw0ll")]
transform = Transform3D(-4.37114e-08, 0, 1, 0, 1, 0, -1, 0, -4.37114e-08, 4.9, 0, 3.1)

[node name="iron-fence-border-column" parent="fence border/border-fence3" index="0"]
surface_material_override/0 = SubResource("StandardMaterial3D_kkgc2")

[node name="border-fence4" parent="fence border" instance=ExtResource("1_sw0ll")]
transform = Transform3D(-0.0318295, 0, -0.999493, 0, 1, 0, 0.999493, 0, -0.0318295, 3.99, 0, 0.9)

[node name="iron-fence-border-column" parent="fence border/border-fence4" index="0"]
surface_material_override/0 = SubResource("StandardMaterial3D_2xyd4")

[node name="Curved fence" type="Node3D" parent="."]

[node name="curved-fence" parent="Curved fence" instance=ExtResource("2_t6l6r")]
transform = Transform3D(1, 0, 0, 0, 1, 0, 0, 0, 1, -4, 0, 0)

[node name="iron-fence-border-curve" parent="Curved fence/curved-fence" index="0"]
surface_material_override/0 = SubResource("StandardMaterial3D_8p4aq")

[node name="curved-fence2" parent="Curved fence" instance=ExtResource("2_t6l6r")]
transform = Transform3D(-4.37114e-08, 0, -1, 0, 1, 0, 1, 0, -4.37114e-08, 4, 0, 0)

[node name="iron-fence-border-curve" parent="Curved fence/curved-fence2" index="0"]
surface_material_override/0 = SubResource("StandardMaterial3D_uhh7i")

[node name="curved-fence3" parent="Curved fence" instance=ExtResource("2_t6l6r")]
transform = Transform3D(-1, 0, -8.74228e-08, 0, 1, 0, 8.74228e-08, 0, -1, 4, 0, 5.1)

[node name="iron-fence-border-curve" parent="Curved fence/curved-fence3" index="0"]
surface_material_override/0 = SubResource("StandardMaterial3D_6ghoc")

[node name="curved-fence4" parent="Curved fence" instance=ExtResource("2_t6l6r")]
transform = Transform3D(-4.37114e-08, 0, 1, 0, 1, 0, -1, 0, -4.37114e-08, -4, 0, 5.1)

[node name="iron-fence-border-curve" parent="Curved fence/curved-fence4" index="0"]
surface_material_override/0 = SubResource("StandardMaterial3D_86y71")

[node name="Fence" type="Node3D" parent="."]

[node name="iron-fence4" parent="Fence" instance=ExtResource("3_u2vpb")]
transform = Transform3D(1, 0, 0, 0, 1, 0, 0, 0, 1, 2, 0, 6)

[node name="iron-fence-border" parent="Fence/iron-fence4" index="0"]
surface_material_override/0 = SubResource("StandardMaterial3D_kr4q8")

[node name="iron-fence2" parent="Fence" instance=ExtResource("3_u2vpb")]
transform = Transform3D(1, 0, 0, 0, 1, 0, 0, 0, 1, 3, 0, 0)

[node name="iron-fence-border" parent="Fence/iron-fence2" index="0"]
surface_material_override/0 = SubResource("StandardMaterial3D_tin3q")

[node name="iron-fence3" parent="Fence" instance=ExtResource("3_u2vpb")]
transform = Transform3D(1, 0, 0, 0, 1, 0, 0, 0, 1, 3, 0, 6)

[node name="iron-fence-border" parent="Fence/iron-fence3" index="0"]
surface_material_override/0 = SubResource("StandardMaterial3D_hqtc7")

[node name="iron-fence5" parent="Fence" instance=ExtResource("3_u2vpb")]
transform = Transform3D(1, 0, 0, 0, 1, 0, 0, 0, 1, 1, 0, 6)

[node name="iron-fence-border" parent="Fence/iron-fence5" index="0"]
surface_material_override/0 = SubResource("StandardMaterial3D_fitsg")

[node name="iron-fence6" parent="Fence" instance=ExtResource("3_u2vpb")]
transform = Transform3D(1, 0, 0, 0, 1, 0, 0, 0, 1, -1, 0, 6)

[node name="iron-fence-border" parent="Fence/iron-fence6" index="0"]
surface_material_override/0 = SubResource("StandardMaterial3D_gsfuq")

[node name="iron-fence1" parent="Fence" instance=ExtResource("3_u2vpb")]
transform = Transform3D(1, 0, 0, 0, 1, 0, 0, 0, 1, 2, 0, 0)

[node name="iron-fence-border" parent="Fence/iron-fence1" index="0"]
surface_material_override/0 = SubResource("StandardMaterial3D_2egww")

[node name="iron-fence7" parent="Fence" instance=ExtResource("3_u2vpb")]
transform = Transform3D(1, 0, 0, 0, 1, 0, 0, 0, 1, -2, 0, 6)

[node name="iron-fence-border" parent="Fence/iron-fence7" index="0"]
surface_material_override/0 = SubResource("StandardMaterial3D_ue8mb")

[node name="iron-fence8" parent="Fence" instance=ExtResource("3_u2vpb")]
transform = Transform3D(1, 0, 0, 0, 1, 0, 0, 0, 1, -3, 0, 6)

[node name="iron-fence-border" parent="Fence/iron-fence8" index="0"]
surface_material_override/0 = SubResource("StandardMaterial3D_55vtk")

[node name="iron-fence9" parent="Fence" instance=ExtResource("3_u2vpb")]
transform = Transform3D(-4.37114e-08, 0, 1, 0, 1, 0, -1, 0, -4.37114e-08, -4, 0, 4.1)

[node name="iron-fence-border" parent="Fence/iron-fence9" index="0"]
surface_material_override/0 = SubResource("StandardMaterial3D_7o6ab")

[node name="iron-fence10" parent="Fence" instance=ExtResource("3_u2vpb")]
transform = Transform3D(-4.37114e-08, 0, 1, 0, 1, 0, -1, 0, -4.37114e-08, -4, 0, 3.1)

[node name="iron-fence-border" parent="Fence/iron-fence10" index="0"]
surface_material_override/0 = SubResource("StandardMaterial3D_rlnmt")

[node name="iron-fence11" parent="Fence" instance=ExtResource("3_u2vpb")]
transform = Transform3D(-4.37114e-08, 0, 1, 0, 1, 0, -1, 0, -4.37114e-08, -4, 0, 2.1)

[node name="iron-fence-border" parent="Fence/iron-fence11" index="0"]
surface_material_override/0 = SubResource("StandardMaterial3D_aan8k")

[node name="iron-fence12" parent="Fence" instance=ExtResource("3_u2vpb")]
transform = Transform3D(-4.37114e-08, 0, -1, 0, 1, 0, 1, 0, -4.37114e-08, 4, 0, 4.1)

[node name="iron-fence-border" parent="Fence/iron-fence12" index="0"]
surface_material_override/0 = SubResource("StandardMaterial3D_gnymg")

[node name="StaticBody3D" type="StaticBody3D" parent="."]

[node name="CollisionShape3D" type="CollisionShape3D" parent="StaticBody3D"]
transform = Transform3D(1, 0, 0, 0, 1, 0, 0, 0, 1, 2.23142, 0.427294, -0.45408)
shape = SubResource("BoxShape3D_5nlhx")

[node name="CollisionShape3D2" type="CollisionShape3D" parent="StaticBody3D"]
transform = Transform3D(1, 0, 0, 0, 1, 0, 0, 0, 1, 2.22169, 0.427294, 5.53147)
shape = SubResource("BoxShape3D_5nlhx")

[node name="CollisionShape3D3" type="CollisionShape3D" parent="StaticBody3D"]
transform = Transform3D(0.952481, 0, 0.304598, 0, 1, 0, -0.304598, 0, 0.952481, -3.76655, 0.4, -0.387369)
shape = SubResource("BoxShape3D_iidr5")

[node name="CollisionShape3D4" type="CollisionShape3D" parent="StaticBody3D"]
transform = Transform3D(0.720938, 0, 0.692999, 0, 1, 0, -0.692999, 0, 0.720938, -4.16741, 0.4, -0.146572)
shape = SubResource("BoxShape3D_iidr5")

[node name="CollisionShape3D5" type="CollisionShape3D" parent="StaticBody3D"]
transform = Transform3D(0.276208, 0, 0.961098, 0, 1, 0, -0.961098, 0, 0.276208, -4.41997, 0.4, 0.253603)
shape = SubResource("BoxShape3D_iidr5")

[node name="CollisionShape3D6" type="CollisionShape3D" parent="StaticBody3D"]
transform = Transform3D(0.276208, 0, 0.961098, 0, 1, 0, -0.961098, 0, 0.276208, 4.43385, 0.4, 4.88269)
shape = SubResource("BoxShape3D_iidr5")

[node name="CollisionShape3D7" type="CollisionShape3D" parent="StaticBody3D"]
transform = Transform3D(0.720938, 0, 0.692999, 0, 1, 0, -0.692999, 0, 0.720938, 4.16939, 0.4, 5.31284)
shape = SubResource("BoxShape3D_iidr5")

[node name="CollisionShape3D8" type="CollisionShape3D" parent="StaticBody3D"]
transform = Transform3D(0.745534, 0, -0.666467, 0, 1, 0, 0.666467, 0, 0.745534, -4.17008, 0.4, 5.33636)
shape = SubResource("BoxShape3D_iidr5")

[node name="CollisionShape3D9" type="CollisionShape3D" parent="StaticBody3D"]
transform = Transform3D(1, 0, 0, 0, 1, 0, 0, 0, 1, -2.23221, 0.427294, 5.53147)
shape = SubResource("BoxShape3D_5nlhx")

[node name="CollisionShape3D10" type="CollisionShape3D" parent="StaticBody3D"]
transform = Transform3D(0.212792, 0, -0.977098, 0, 1, 0, 0.977098, 0, 0.212792, -4.42156, 0.4, 4.8958)
shape = SubResource("BoxShape3D_iidr5")

[node name="CollisionShape3D11" type="CollisionShape3D" parent="StaticBody3D"]
transform = Transform3D(-4.37114e-08, 0, -1, 0, 1, 0, 1, 0, -4.37114e-08, -4.46409, 0.427294, 3.24795)
shape = SubResource("BoxShape3D_5nlhx")

[node name="CollisionShape3D12" type="CollisionShape3D" parent="StaticBody3D"]
transform = Transform3D(-4.37114e-08, 0, -1, 0, 1, 0, 1, 0, -4.37114e-08, 4.43931, 0.387953, 3.60913)
shape = SubResource("BoxShape3D_oj7gq")

[node name="CollisionShape3D13" type="CollisionShape3D" parent="StaticBody3D"]
transform = Transform3D(-0.66262, 0, 0.748956, 0, 1, 0, -0.748956, 0, -0.66262, 4.13731, 0.4, -0.230424)
shape = SubResource("BoxShape3D_iidr5")

[node name="CollisionShape3D14" type="CollisionShape3D" parent="StaticBody3D"]
transform = Transform3D(-0.337884, 0, 0.941188, 0, 1, 0, -0.941188, 0, -0.337884, 4.40928, 0.4, 0.202627)
shape = SubResource("BoxShape3D_iidr5")

[node name="CollisionShape3D15" type="CollisionShape3D" parent="StaticBody3D"]
transform = Transform3D(-0.0324574, 0, -0.999473, 0, 1, 0, 0.999473, 0, -0.0324574, 4.37225, 0.386584, 0.927546)
shape = SubResource("BoxShape3D_jke4u")

[node name="CollisionShape3D16" type="CollisionShape3D" parent="StaticBody3D"]
transform = Transform3D(0.999992, 0, 0.00392696, 0, 1, 0, -0.00392696, 0, 0.999992, -1.99232, 0.386584, -0.481631)
shape = SubResource("BoxShape3D_jke4u")

[node name="broken" type="Node3D" parent="."]

[node name="iron-fence-damaged2" parent="broken" instance=ExtResource("4_uscxm")]
transform = Transform3D(1, 0, 0, 0, 0.829428, 0.558614, 0, -0.558614, 0.829428, 0, 0.362486, 5.42236)

[node name="iron-fence-damaged" parent="broken/iron-fence-damaged2" index="0"]
transform = Transform3D(0.992943, 0.0246438, -0.116001, -0.108413, 0.585072, -0.803702, 0.0480625, 0.810607, 0.583615, 0, -0.577498, 0)
surface_material_override/0 = SubResource("StandardMaterial3D_0uh7u")

[node name="iron-fence-bar2" parent="broken/iron-fence-damaged2" instance=ExtResource("5_lsq52")]

[node name="iron-fence-bar" parent="broken/iron-fence-damaged2/iron-fence-bar2" index="0"]
transform = Transform3D(-0.438057, 0.654272, -0.616469, 0, 0.685768, 0.727821, 0.898947, 0.318827, -0.300406, -0.661467, -0.0937158, 0)
surface_material_override/0 = SubResource("StandardMaterial3D_y2f1q")

[node name="iron-fence-bar4" parent="broken/iron-fence-damaged2" instance=ExtResource("5_lsq52")]
transform = Transform3D(-0.999937, 0, -0.0112571, 0, 1, 0, 0.0112571, 0, -0.999937, 0.249255, 0, 0)

[node name="iron-fence-bar" parent="broken/iron-fence-damaged2/iron-fence-bar4" index="0"]
transform = Transform3D(0.318302, 0.906746, -0.276577, -0.152415, 0.336905, 0.92912, 0.935657, -0.253587, 0.245439, -0.661467, -0.0937158, 0)
surface_material_override/0 = SubResource("StandardMaterial3D_y2f1q")

[node name="iron-fence-bar3" parent="broken/iron-fence-damaged2" instance=ExtResource("5_lsq52")]
transform = Transform3D(1, 0, 0, 0, 1, 0, 0, 0, 1, 0.63469, 0, 0)

[node name="iron-fence-bar" parent="broken/iron-fence-damaged2/iron-fence-bar3" index="0"]
transform = Transform3D(-0.995284, -0.0706056, 0.0665261, 0.0660452, 0.00912631, 0.997775, -0.0710557, 0.997463, -0.00442016, -0.518293, -0.0937158, -0.475676)
surface_material_override/0 = SubResource("StandardMaterial3D_y2f1q")

[node name="StaticBody3D" type="StaticBody3D" parent="broken/iron-fence-damaged2"]

[node name="CollisionShape3D19" type="CollisionShape3D" parent="broken/iron-fence-damaged2/StaticBody3D"]
transform = Transform3D(1, 0, 0, 0, 0.555991, -0.831188, 0, 0.831188, 0.555991, 0.0765905, 0.00520322, 0.0201497)
shape = SubResource("BoxShape3D_od12u")

[node name="CollisionShape3D18" type="CollisionShape3D" parent="broken/iron-fence-damaged2/StaticBody3D"]
transform = Transform3D(-0.283148, -0.915531, -0.28571, -0.935046, 0.329787, -0.130109, 0.213342, 0.230312, -0.949443, 0.608182, 0.0089092, 0.0734107)
shape = SubResource("BoxShape3D_h8yoj")

[node name="CollisionShape3D17" type="CollisionShape3D" parent="broken/iron-fence-damaged2/StaticBody3D"]
transform = Transform3D(0.603264, 0.675466, -0.424049, -0.761199, 0.646317, -0.0533868, 0.238009, 0.354992, 0.904064, -0.41933, 0.152925, 0.109345)
shape = SubResource("BoxShape3D_h8yoj")

[node name="iron-fence-damaged3" parent="broken" instance=ExtResource("4_uscxm")]
transform = Transform3D(-0.0124439, 0.558571, -0.829364, 0, 0.829428, 0.558614, 0.999923, 0.00695132, -0.0103213, -4.43399, 0.362486, 1.0073)

[node name="iron-fence-damaged" parent="broken/iron-fence-damaged3" index="0"]
transform = Transform3D(0.992943, 0.0246438, -0.116001, -0.108413, 0.585072, -0.803702, 0.0480625, 0.810607, 0.583615, 0, -0.577498, 0)
surface_material_override/0 = SubResource("StandardMaterial3D_0uh7u")

[node name="iron-fence-bar2" parent="broken/iron-fence-damaged3" instance=ExtResource("5_lsq52")]

[node name="iron-fence-bar" parent="broken/iron-fence-damaged3/iron-fence-bar2" index="0"]
transform = Transform3D(-0.438057, 0.654272, -0.616469, 0, 0.685768, 0.727821, 0.898947, 0.318827, -0.300406, -0.661467, -0.0937158, 0)
surface_material_override/0 = SubResource("StandardMaterial3D_y2f1q")

[node name="iron-fence-bar4" parent="broken/iron-fence-damaged3" instance=ExtResource("5_lsq52")]
transform = Transform3D(-0.999937, 0, -0.0112571, 0, 1, 0, 0.0112571, 0, -0.999937, 0.249255, 0, 0)

[node name="iron-fence-bar" parent="broken/iron-fence-damaged3/iron-fence-bar4" index="0"]
transform = Transform3D(0.318302, 0.906746, -0.276577, -0.152415, 0.336905, 0.92912, 0.935657, -0.253587, 0.245439, -0.661467, -0.0937158, 0)
surface_material_override/0 = SubResource("StandardMaterial3D_y2f1q")

[node name="iron-fence-bar3" parent="broken/iron-fence-damaged3" instance=ExtResource("5_lsq52")]
transform = Transform3D(1, 0, 0, 0, 1, 0, 0, 0, 1, 0.63469, 0, 0)

[node name="iron-fence-bar" parent="broken/iron-fence-damaged3/iron-fence-bar3" index="0"]
transform = Transform3D(-0.995284, -0.0706056, 0.0665261, 0.0660452, 0.00912631, 0.997775, -0.0710557, 0.997463, -0.00442016, -0.518293, -0.0937158, -0.475676)
surface_material_override/0 = SubResource("StandardMaterial3D_y2f1q")

[node name="StaticBody3D" type="StaticBody3D" parent="broken/iron-fence-damaged3"]

[node name="CollisionShape3D19" type="CollisionShape3D" parent="broken/iron-fence-damaged3/StaticBody3D"]
transform = Transform3D(1, 0, 0, 0, 0.555991, -0.831188, 0, 0.831188, 0.555991, 0.0765905, 0.00520322, 0.0201497)
shape = SubResource("BoxShape3D_od12u")

[node name="CollisionShape3D18" type="CollisionShape3D" parent="broken/iron-fence-damaged3/StaticBody3D"]
transform = Transform3D(-0.283148, -0.915531, -0.28571, -0.935046, 0.329787, -0.130109, 0.213342, 0.230312, -0.949443, 0.608182, 0.0089092, 0.0734107)
shape = SubResource("BoxShape3D_h8yoj")

[node name="CollisionShape3D17" type="CollisionShape3D" parent="broken/iron-fence-damaged3/StaticBody3D"]
transform = Transform3D(0.603264, 0.675466, -0.424049, -0.761199, 0.646317, -0.0533868, 0.238009, 0.354992, 0.904064, -0.41933, 0.152925, 0.109345)
shape = SubResource("BoxShape3D_h8yoj")

[node name="iron-fence-damaged4" parent="broken" instance=ExtResource("4_uscxm")]
transform = Transform3D(-0.990764, -0.0215207, -0.133881, 0.0473969, 0.870088, -0.490613, 0.127047, -0.492428, -0.861031, -2.87363, -0.0182186, 1.0073)

[node name="iron-fence-damaged" parent="broken/iron-fence-damaged4" index="0"]
transform = Transform3D(0.992943, 0.0246438, -0.116001, -0.108413, 0.585072, -0.803702, 0.0480625, 0.810607, 0.583615, 0, -0.577498, 0)
surface_material_override/0 = SubResource("StandardMaterial3D_0uh7u")

[node name="iron-fence-bar2" parent="broken/iron-fence-damaged4" instance=ExtResource("5_lsq52")]

[node name="iron-fence-bar" parent="broken/iron-fence-damaged4/iron-fence-bar2" index="0"]
transform = Transform3D(-0.438057, 0.654272, -0.616469, 0, 0.685768, 0.727821, 0.898947, 0.318827, -0.300406, -0.661467, -0.0937158, 0)
surface_material_override/0 = SubResource("StandardMaterial3D_y2f1q")

[node name="iron-fence-bar4" parent="broken/iron-fence-damaged4" instance=ExtResource("5_lsq52")]
transform = Transform3D(-0.999937, 0, -0.0112571, 0, 1, 0, 0.0112571, 0, -0.999937, 0.249255, 0, 0)

[node name="iron-fence-bar" parent="broken/iron-fence-damaged4/iron-fence-bar4" index="0"]
transform = Transform3D(0.318302, 0.906746, -0.276577, -0.152415, 0.336905, 0.92912, 0.935657, -0.253587, 0.245439, -0.661467, -0.0937158, 0)
surface_material_override/0 = SubResource("StandardMaterial3D_y2f1q")

[node name="iron-fence-bar3" parent="broken/iron-fence-damaged4" instance=ExtResource("5_lsq52")]
transform = Transform3D(1, 0, 0, 0, 1, 0, 0, 0, 1, 0.63469, 0, 0)

[node name="iron-fence-bar" parent="broken/iron-fence-damaged4/iron-fence-bar3" index="0"]
transform = Transform3D(-0.995284, -0.0706056, 0.0665261, 0.0660452, 0.00912631, 0.997775, -0.0710557, 0.997463, -0.00442016, -0.518293, -0.0937158, -0.475676)
surface_material_override/0 = SubResource("StandardMaterial3D_y2f1q")

[node name="StaticBody3D" type="StaticBody3D" parent="broken/iron-fence-damaged4"]

[node name="CollisionShape3D19" type="CollisionShape3D" parent="broken/iron-fence-damaged4/StaticBody3D"]
transform = Transform3D(1, 0, 0, 0, 0.555991, -0.831188, 0, 0.831188, 0.555991, 0.0765905, 0.00520322, 0.0201497)
shape = SubResource("BoxShape3D_od12u")

[node name="CollisionShape3D18" type="CollisionShape3D" parent="broken/iron-fence-damaged4/StaticBody3D"]
transform = Transform3D(-0.283148, -0.915531, -0.28571, -0.935046, 0.329787, -0.130109, 0.213342, 0.230312, -0.949443, 0.608182, 0.0089092, 0.0734107)
shape = SubResource("BoxShape3D_h8yoj")

[node name="CollisionShape3D17" type="CollisionShape3D" parent="broken/iron-fence-damaged4/StaticBody3D"]
transform = Transform3D(0.603264, 0.675466, -0.424049, -0.761199, 0.646317, -0.0533868, 0.238009, 0.354992, 0.904064, -0.41933, 0.152925, 0.109345)
shape = SubResource("BoxShape3D_h8yoj")

[editable path="fence border/border-fence"]
[editable path="fence border/border-fence2"]
[editable path="fence border/border-fence3"]
[editable path="fence border/border-fence4"]
[editable path="Curved fence/curved-fence"]
[editable path="Curved fence/curved-fence2"]
[editable path="Curved fence/curved-fence3"]
[editable path="Curved fence/curved-fence4"]
[editable path="Fence/iron-fence4"]
[editable path="Fence/iron-fence2"]
[editable path="Fence/iron-fence3"]
[editable path="Fence/iron-fence5"]
[editable path="Fence/iron-fence6"]
[editable path="Fence/iron-fence1"]
[editable path="Fence/iron-fence7"]
[editable path="Fence/iron-fence8"]
[editable path="Fence/iron-fence9"]
[editable path="Fence/iron-fence10"]
[editable path="Fence/iron-fence11"]
[editable path="Fence/iron-fence12"]
[editable path="broken/iron-fence-damaged2"]
[editable path="broken/iron-fence-damaged2/iron-fence-bar2"]
[editable path="broken/iron-fence-damaged2/iron-fence-bar4"]
[editable path="broken/iron-fence-damaged2/iron-fence-bar3"]
[editable path="broken/iron-fence-damaged3"]
[editable path="broken/iron-fence-damaged3/iron-fence-bar2"]
[editable path="broken/iron-fence-damaged3/iron-fence-bar4"]
[editable path="broken/iron-fence-damaged3/iron-fence-bar3"]
[editable path="broken/iron-fence-damaged4"]
[editable path="broken/iron-fence-damaged4/iron-fence-bar2"]
[editable path="broken/iron-fence-damaged4/iron-fence-bar4"]
[editable path="broken/iron-fence-damaged4/iron-fence-bar3"]
