[gd_scene load_steps=16 format=3 uid="uid://bkj2u6ojsfmaq"]

[ext_resource type="Texture2D" uid="uid://bxoc3vmffaj3i" path="res://Assets/Grave_yard/Ground/Ground068_2K-JPG_Color.jpg" id="1_nanpk"]
[ext_resource type="PackedScene" uid="uid://bcr5mjb5wv60f" path="res://Scenes/grave.tscn" id="2_lj2q1"]
[ext_resource type="PackedScene" uid="uid://kbn6vjlw1115" path="res://Scenes/fence.tscn" id="3_op30m"]
[ext_resource type="PackedScene" uid="uid://co1vox6b17dw3" path="res://Scenes/Chruch.tscn" id="4_3shpc"]
[ext_resource type="PackedScene" uid="uid://ct3f4x0gfepbe" path="res://Scenes/pine.tscn" id="5_b3lq1"]
[ext_resource type="PackedScene" uid="uid://dpwh8edq6blso" path="res://Scenes/lightpost.tscn" id="5_j3wgt"]
[ext_resource type="PackedScene" uid="uid://blk6ngvs7au8g" path="res://Scenes/user_interface.tscn" id="5_v5s2g"]
[ext_resource type="PackedScene" uid="uid://cdw8n1qjeh70n" path="res://Scenes/Ind_pine.tscn" id="8_omepc"]
[ext_resource type="PackedScene" uid="uid://b05dfu6i1nvlp" path="res://Scenes/wall.tscn" id="8_tb0uq"]
[ext_resource type="PackedScene" uid="uid://d35rf5xycprn6" path="res://Scenes/for_grave.tscn" id="9_hbkxb"]

[sub_resource type="ProceduralSkyMaterial" id="ProceduralSkyMaterial_ws4fk"]
sky_top_color = Color(0.537469, 0.607795, 0.70573, 1)
sky_horizon_color = Color(0.679975, 0.747209, 0.790236, 1)
ground_bottom_color = Color(0.182429, 0.381042, 0.455216, 1)
ground_horizon_color = Color(0.679975, 0.747209, 0.790236, 1)

[sub_resource type="Sky" id="Sky_17q4w"]
sky_material = SubResource("ProceduralSkyMaterial_ws4fk")

[sub_resource type="Environment" id="Environment_nck7n"]
background_mode = 2
sky = SubResource("Sky_17q4w")
tonemap_mode = 2
glow_enabled = true
volumetric_fog_enabled = true
volumetric_fog_density = 0.03
volumetric_fog_albedo = Color(0.999983, 0.608958, 0.59431, 1)
volumetric_fog_emission = Color(0.337135, 0, 0.0483092, 1)

[sub_resource type="StandardMaterial3D" id="StandardMaterial3D_b5uno"]
albedo_color = Color(0.823529, 0, 0.176471, 1)
emission_enabled = true
emission = Color(0.823529, 0, 0.176471, 1)
emission_energy_multiplier = 3.0

[sub_resource type="StandardMaterial3D" id="StandardMaterial3D_k1x12"]
albedo_texture = ExtResource("1_nanpk")
uv1_triplanar = true
uv1_world_triplanar = true

[node name="World" type="Node3D"]
transform = Transform3D(1, 0, 0, 0, 1, 0, 0, 0, 1, 0, 0, -0.201895)

[node name="WorldEnvironment" type="WorldEnvironment" parent="."]
environment = SubResource("Environment_nck7n")

[node name="DirectionalLight3D" type="DirectionalLight3D" parent="."]
transform = Transform3D(1, 0, 0, 0, 0.866025, 0.5, 0, -0.5, 0.866025, 0, 0, 0)
light_color = Color(0.0313264, 0.177073, 0.224509, 1)
shadow_enabled = true
directional_shadow_max_distance = 5.0

[node name="map" type="Node3D" parent="."]

[node name="CSGSphere3D" type="CSGSphere3D" parent="map"]
transform = Transform3D(1, 0, 0, 0, 1, 0, 0, 0, 1, 0, 424.194, 750)
material_override = SubResource("StandardMaterial3D_b5uno")
cast_shadow = 0
radius = 35.0
radial_segments = 32
rings = 32

[node name="CSGBox3D" type="CSGBox3D" parent="map"]
material_override = SubResource("StandardMaterial3D_k1x12")
use_collision = true
size = Vector3(100, 0.01, 100)

[node name="Church" type="Node3D" parent="map"]
transform = Transform3D(-4.37114e-08, 0, -1, 0, 1, 0, 1, 0, -4.37114e-08, 2.6472, 0, -35.0439)

[node name="Chruch" parent="map/Church" instance=ExtResource("4_3shpc")]
transform = Transform3D(-2.18557e-07, 0, 5, 0, 5, 0, -5, 0, -2.18557e-07, 0, 0, 2.5)

[node name="Grave" type="Node3D" parent="map/Church"]

[node name="Grave" type="Node3D" parent="map/Church/Grave"]
transform = Transform3D(-1, 0, -8.74228e-08, 0, 1, 0, 8.74228e-08, 0, -1, 0, 0, -10)

[node name="fence" parent="map/Church/Grave/Grave" instance=ExtResource("3_op30m")]
transform = Transform3D(0.0855213, 0, 0.996336, 0, 1, 0, -0.996336, 0, 0.0855213, -2.7127, 0, -2.87853)

[node name="Grave" parent="map/Church/Grave/Grave" instance=ExtResource("2_lj2q1")]
transform = Transform3D(-1, 0, 8.74228e-08, 0, 1, 0, -8.74228e-08, 0, -1, -1.00894, 0, 0.590952)

[node name="Grave2" parent="map/Church/Grave/Grave" instance=ExtResource("2_lj2q1")]
transform = Transform3D(-4.37114e-08, 0, 1, 0, 1, 0, -1, 0, -4.37114e-08, 1.3267, 0, -4.27776)

[node name="Grave3" parent="map/Church/Grave/Grave" instance=ExtResource("2_lj2q1")]
transform = Transform3D(-4.37114e-08, 0, -1, 0, 1, 0, 1, 0, -4.37114e-08, -1.45515, 0, -3.33189)

[node name="Grave2" type="Node3D" parent="map/Church/Grave"]
transform = Transform3D(1, 0, 0, 0, 1, 0, 0, 0, 1, 0, 0, 14.5626)

[node name="fence" parent="map/Church/Grave/Grave2" instance=ExtResource("3_op30m")]
transform = Transform3D(0.0855213, 0, 0.996336, 0, 1, 0, -0.996336, 0, 0.0855213, -2.7127, 0, -2.87853)

[node name="Grave" parent="map/Church/Grave/Grave2" instance=ExtResource("2_lj2q1")]
transform = Transform3D(-1, 0, 8.74228e-08, 0, 1, 0, -8.74228e-08, 0, -1, -1.00894, 0, 0.590952)

[node name="Grave2" parent="map/Church/Grave/Grave2" instance=ExtResource("2_lj2q1")]
transform = Transform3D(-4.37114e-08, 0, 1, 0, 1, 0, -1, 0, -4.37114e-08, 1.3267, 0, -4.27776)

[node name="Grave3" parent="map/Church/Grave/Grave2" instance=ExtResource("2_lj2q1")]
transform = Transform3D(-4.37114e-08, 0, -1, 0, 1, 0, 1, 0, -4.37114e-08, -1.45515, 0, -3.33189)

[node name="Light" type="Node3D" parent="map/Church"]

[node name="lightpost" parent="map/Church/Light" instance=ExtResource("5_j3wgt")]
transform = Transform3D(-4.37114e-08, 0, 1, 0, 1, 0, -1, 0, -4.37114e-08, -0.30187, 0.00500011, -2.72804)

[node name="lightpost3" parent="map/Church/Light" instance=ExtResource("5_j3wgt")]
transform = Transform3D(0.999204, 0, 0.0398877, 0, 1, 0, -0.0398877, 0, 0.999204, 3.60442, 0.00500011, 11.3315)

[node name="lightpost2" parent="map/Church/Light" instance=ExtResource("5_j3wgt")]
transform = Transform3D(-1.17626e-09, -4.36956e-08, 1, -0.999638, 0.0269098, 0, -0.0269098, -0.999638, -4.37114e-08, 3.54635, 0.0828289, -6.4)

[node name="Walls" type="Node3D" parent="map"]
transform = Transform3D(1, 0, 0, 0, 1, 0, 0, 0, 1, -2.22101, 0, -37.7463)

[node name="Wall" parent="map/Walls" instance=ExtResource("8_tb0uq")]
transform = Transform3D(-4.37114e-08, 0, 1, 0, 1, 0, -1, 0, -4.37114e-08, 0, 0, 0)

[node name="Forest" type="Node3D" parent="map"]

[node name="Top" type="Node3D" parent="map/Forest"]
transform = Transform3D(-4.37114e-08, 0, 1, 0, 1, 0, -1, 0, -4.37114e-08, -47.5, 0, 0)

[node name="Pine" parent="map/Forest/Top" instance=ExtResource("5_b3lq1")]
transform = Transform3D(1, 0, 0, 0, 1, 0, 0, 0, 1, -35, 0, 0)

[node name="Pine2" parent="map/Forest/Top" instance=ExtResource("5_b3lq1")]
transform = Transform3D(1, 0, 0, 0, 1, 0, 0, 0, 1, 35, 0, 0)

[node name="Pine3" parent="map/Forest/Top" instance=ExtResource("5_b3lq1")]
transform = Transform3D(1, 0, 0, 0, 1, 0, 0, 0, 1, 12, 0, 0)

[node name="Pine4" parent="map/Forest/Top" instance=ExtResource("5_b3lq1")]
transform = Transform3D(1, 0, 0, 0, 1, 0, 0, 0, 1, -15, 0, 0)

[node name="Right" type="Node3D" parent="map/Forest"]
transform = Transform3D(1, 0, 0, 0, 1, 0, 0, 0, 1, 0, 0, -47.5)

[node name="Pine" parent="map/Forest/Right" instance=ExtResource("5_b3lq1")]
transform = Transform3D(1, 0, 0, 0, 1, 0, 0, 0, 1, -35, 0, 0)

[node name="Pine2" parent="map/Forest/Right" instance=ExtResource("5_b3lq1")]
transform = Transform3D(1, 0, 0, 0, 1, 0, 0, 0, 1, 35, 0, 0)

[node name="Pine3" parent="map/Forest/Right" instance=ExtResource("5_b3lq1")]
transform = Transform3D(1, 0, 0, 0, 1, 0, 0, 0, 1, 12, 0, 0)

[node name="Pine4" parent="map/Forest/Right" instance=ExtResource("5_b3lq1")]
transform = Transform3D(1, 0, 0, 0, 1, 0, 0, 0, 1, -15, 0, 0)

[node name="Bottom" type="Node3D" parent="map/Forest"]
transform = Transform3D(-4.37114e-08, 0, -1, 0, 1, 0, 1, 0, -4.37114e-08, 47.5, 0, 0)

[node name="Pine" parent="map/Forest/Bottom" instance=ExtResource("5_b3lq1")]
transform = Transform3D(1, 0, 0, 0, 1, 0, 0, 0, 1, -35, 0, 0)

[node name="Pine2" parent="map/Forest/Bottom" instance=ExtResource("5_b3lq1")]
transform = Transform3D(1, 0, 0, 0, 1, 0, 0, 0, 1, 35, 0, 0)

[node name="Pine3" parent="map/Forest/Bottom" instance=ExtResource("5_b3lq1")]
transform = Transform3D(1, 0, 0, 0, 1, 0, 0, 0, 1, 12, 0, 0)

[node name="Pine4" parent="map/Forest/Bottom" instance=ExtResource("5_b3lq1")]
transform = Transform3D(1, 0, 0, 0, 1, 0, 0, 0, 1, -15, 0, 0)

[node name="Left" type="Node3D" parent="map/Forest"]
transform = Transform3D(-1, 0, 8.74228e-08, 0, 1, 0, -8.74228e-08, 0, -1, 0, 0, 47.5)

[node name="Pine" parent="map/Forest/Left" instance=ExtResource("5_b3lq1")]
transform = Transform3D(1, 0, 0, 0, 1, 0, 0, 0, 1, -35, 0, 0)

[node name="Pine2" parent="map/Forest/Left" instance=ExtResource("5_b3lq1")]
transform = Transform3D(1, 0, 0, 0, 1, 0, 0, 0, 1, 35, 0, 0)

[node name="Pine3" parent="map/Forest/Left" instance=ExtResource("5_b3lq1")]
transform = Transform3D(1, 0, 0, 0, 1, 0, 0, 0, 1, 12, 0, 0)

[node name="Pine4" parent="map/Forest/Left" instance=ExtResource("5_b3lq1")]
transform = Transform3D(1, 0, 0, 0, 1, 0, 0, 0, 1, -15, 0, 0)

[node name="Rando" type="Node3D" parent="map/Forest"]

[node name="Pines" type="Node3D" parent="map/Forest/Rando"]

[node name="Pine_ind" parent="map/Forest/Rando/Pines" instance=ExtResource("8_omepc")]
transform = Transform3D(1, 0, 0, 0, 1, 0, 0, 0, 1, 1.0349, 0, 28.7155)

[node name="Pine_ind2" parent="map/Forest/Rando/Pines" instance=ExtResource("8_omepc")]
transform = Transform3D(0.606544, 0, -0.79505, 0, 1, 0, 0.79505, 0, 0.606544, -12.7706, 0, 41.7797)

[node name="Pine_ind3" parent="map/Forest/Rando/Pines" instance=ExtResource("8_omepc")]
transform = Transform3D(0.706008, 0, 0.708204, 0, 1, 0, -0.708204, 0, 0.706008, -37.5027, 0, 28.7155)

[node name="Pine_ind4" parent="map/Forest/Rando/Pines" instance=ExtResource("8_omepc")]
transform = Transform3D(0.929436, 0, 0.368984, 0, 1, 0, -0.368984, 0, 0.929436, 40.163, 0, 1.50467)

[node name="Pine_ind5" parent="map/Forest/Rando/Pines" instance=ExtResource("8_omepc")]
transform = Transform3D(0.394872, 0, 0.918736, 0, 1, 0, -0.918736, 0, 0.394872, -23.4252, 0, 30.2311)

[node name="Pine_ind6" parent="map/Forest/Rando/Pines" instance=ExtResource("8_omepc")]
transform = Transform3D(0.929436, 0, 0.368984, 0, 1, 0, -0.368984, 0, 0.929436, 41.4006, 0, 25.5434)

[node name="Pine_ind7" parent="map/Forest/Rando/Pines" instance=ExtResource("8_omepc")]
transform = Transform3D(-0.645791, 0, 0.763514, 0, 1, 0, -0.763514, 0, -0.645791, -25.2235, 0, -1.3335)

[node name="Pine_ind8" parent="map/Forest/Rando/Pines" instance=ExtResource("8_omepc")]
transform = Transform3D(-0.996657, 0, 0.0816949, 0, 1, 0, -0.0816949, 0, -0.996657, 32.6499, 0, 37.4884)

[node name="Pine_ind9" parent="map/Forest/Rando/Pines" instance=ExtResource("8_omepc")]
transform = Transform3D(-0.645791, 0, 0.763514, 0, 1, 0, -0.763514, 0, -0.645791, 8.38399, 0, 6.70752)

[node name="Pine_ind10" parent="map/Forest/Rando/Pines" instance=ExtResource("8_omepc")]
transform = Transform3D(-0.881946, 0, 0.471351, 0, 1, 0, -0.471351, 0, -0.881946, -20.7458, 0, -28.4681)

[node name="Pine_ind11" parent="map/Forest/Rando/Pines" instance=ExtResource("8_omepc")]
transform = Transform3D(-0.956473, 0, -0.291821, 0, 1, 0, 0.291821, 0, -0.956473, 13.2423, 0, -10.3033)

[node name="Pine_ind12" parent="map/Forest/Rando/Pines" instance=ExtResource("8_omepc")]
transform = Transform3D(-0.881946, 0, 0.471351, 0, 1, 0, -0.471351, 0, -0.881946, -20.727, 0, -30.1048)

[node name="Pine_ind13" parent="map/Forest/Rando/Pines" instance=ExtResource("8_omepc")]
transform = Transform3D(0.0272587, 0, -0.999628, 0, 1, 0, 0.999628, 0, 0.0272587, -9.28159, 0, -1.50798)

[node name="Pine_ind14" parent="map/Forest/Rando/Pines" instance=ExtResource("8_omepc")]
transform = Transform3D(-0.872377, 0, -0.488834, 0, 1, 0, 0.488834, 0, -0.872377, 1.4341, 0, -4.81587)

[node name="Pine_ind15" parent="map/Forest/Rando/Pines" instance=ExtResource("8_omepc")]
transform = Transform3D(0.929158, 0, -0.369682, 0, 1, 0, 0.369682, 0, 0.929158, -16.874, 0, -13.8948)

[node name="Pine_ind16" parent="map/Forest/Rando/Pines" instance=ExtResource("8_omepc")]
transform = Transform3D(0.745627, 0, 0.666363, 0, 1, 0, -0.666363, 0, 0.745627, 20.1198, 0, 2.27173)

[node name="Graved_pine" type="Node3D" parent="map/Forest/Rando"]

[node name="For_Grave" parent="map/Forest/Rando/Graved_pine" instance=ExtResource("9_hbkxb")]
transform = Transform3D(1, 0, 0, 0, 1, 0, 0, 0, 1, 42.6459, 0.00500488, 13.4352)

[node name="For_Grave2" parent="map/Forest/Rando/Graved_pine" instance=ExtResource("9_hbkxb")]
transform = Transform3D(-0.131945, 0, -0.991257, 0, 1, 0, 0.991257, 0, -0.131945, 10.5838, 0.00500488, 23.4734)

[node name="For_Grave3" parent="map/Forest/Rando/Graved_pine" instance=ExtResource("9_hbkxb")]
transform = Transform3D(-0.131945, 0, -0.991257, 0, 1, 0, 0.991257, 0, -0.131945, -25.9458, 0.00500488, 42.4911)

[node name="For_Grave4" parent="map/Forest/Rando/Graved_pine" instance=ExtResource("9_hbkxb")]
transform = Transform3D(0.994794, 0, -0.101907, 0, 1, 0, 0.101907, 0, 0.994794, 42.7673, 0.00500488, -22.2116)

[node name="For_Grave5" parent="map/Forest/Rando/Graved_pine" instance=ExtResource("9_hbkxb")]
transform = Transform3D(0.634677, 0, -0.772778, 0, 1, 0, 0.772778, 0, 0.634677, 24.1081, 0.00500488, 13.4311)

[node name="For_Grave6" parent="map/Forest/Rando/Graved_pine" instance=ExtResource("9_hbkxb")]
transform = Transform3D(0.634677, 0, -0.772778, 0, 1, 0, 0.772778, 0, 0.634677, 23.8659, 0.00500488, 41.5644)

[node name="For_Grave7" parent="map/Forest/Rando/Graved_pine" instance=ExtResource("9_hbkxb")]
transform = Transform3D(-0.711707, 0, 0.702476, 0, 1, 0, -0.702476, 0, -0.711707, -11.4194, 0.00500488, 18.2757)

[node name="For_Grave8" parent="map/Forest/Rando/Graved_pine" instance=ExtResource("9_hbkxb")]
transform = Transform3D(0.790241, 0, 0.612797, 0, 1, 0, -0.612797, 0, 0.790241, 12.1799, 0.00500488, 37.603)

[node name="For_Grave9" parent="map/Forest/Rando/Graved_pine" instance=ExtResource("9_hbkxb")]
transform = Transform3D(0.996301, 0, 0.0859386, 0, 1, 0, -0.0859386, 0, 0.996301, 42.1804, 0.00500488, 38.6326)

[node name="For_Grave10" parent="map/Forest/Rando/Graved_pine" instance=ExtResource("9_hbkxb")]
transform = Transform3D(-0.999157, 0, -0.0410385, 0, 1, 0, 0.0410385, 0, -0.999157, -39.8235, 0.00500488, 39.5429)

[node name="For_Grave11" parent="map/Forest/Rando/Graved_pine" instance=ExtResource("9_hbkxb")]
transform = Transform3D(0.0911541, 0, 0.995837, 0, 1, 0, -0.995837, 0, 0.0911541, -12.7158, 0.00500488, 31.4291)

[node name="For_Grave12" parent="map/Forest/Rando/Graved_pine" instance=ExtResource("9_hbkxb")]
transform = Transform3D(0.0911541, 0, 0.995837, 0, 1, 0, -0.995837, 0, 0.0911541, 26.6185, 0.00500488, 20.7646)

[node name="Border_pines" type="Node3D" parent="map/Forest/Rando"]

[node name="For_Grave" parent="map/Forest/Rando/Border_pines" instance=ExtResource("9_hbkxb")]
transform = Transform3D(1, 0, 0, 0, 1, 0, 0, 0, 1, -42.6928, 0, -4.48728)

[node name="Pine_ind" parent="map/Forest/Rando/Border_pines" instance=ExtResource("8_omepc")]
transform = Transform3D(1, 0, 0, 0, 1, 0, 0, 0, 1, -35.2277, 0, 2.29243)

[node name="For_Grave2" parent="map/Forest/Rando/Border_pines" instance=ExtResource("9_hbkxb")]
transform = Transform3D(0.810176, -0.00982605, -0.586104, 0.00796122, 0.999952, -0.00575936, 0.586132, 0, 0.810216, -41.0578, 0, 9.69471)

[node name="Pine_ind2" parent="map/Forest/Rando/Border_pines" instance=ExtResource("8_omepc")]
transform = Transform3D(0.647309, 0, -0.762228, 0, 1, 0, 0.762228, 0, 0.647309, -40.0102, 0, 18.8302)

[node name="For_Grave3" parent="map/Forest/Rando/Border_pines" instance=ExtResource("9_hbkxb")]
transform = Transform3D(-0.999997, 0, -0.00251332, 0, 1, 0, 0.00251332, 0, -0.999997, -34.3492, 0, -10.3923)

[node name="Pine_ind3" parent="map/Forest/Rando/Border_pines" instance=ExtResource("8_omepc")]
transform = Transform3D(-0.999997, 0, -0.00251332, 0, 1, 0, 0.00251332, 0, -0.999997, -42.68, 0, -16.5777)

[node name="For_Grave4" parent="map/Forest/Rando/Border_pines" instance=ExtResource("9_hbkxb")]
transform = Transform3D(-0.649222, 0, 0.760599, 0, 1, 0, -0.760599, 0, -0.649222, -40.0199, 0, -28.3496)

[node name="Pine_ind4" parent="map/Forest/Rando/Border_pines" instance=ExtResource("8_omepc")]
transform = Transform3D(-0.649222, 0, 0.760599, 0, 1, 0, -0.760599, 0, -0.649222, -41.0795, 0, -39.9094)

[node name="For_Grave5" parent="map/Forest/Rando/Border_pines" instance=ExtResource("9_hbkxb")]
transform = Transform3D(0.951444, 0, -0.307821, 0, 1, 0, 0.307821, 0, 0.951444, 31.198, 0, -32.292)

[node name="Pine_ind5" parent="map/Forest/Rando/Border_pines" instance=ExtResource("8_omepc")]
transform = Transform3D(0.951444, 0, -0.307821, 0, 1, 0, 0.307821, 0, 0.951444, 38.0527, 0, -30.2379)

[node name="For_Grave6" parent="map/Forest/Rando/Border_pines" instance=ExtResource("9_hbkxb")]
transform = Transform3D(0.381248, 0, -0.924473, 0, 1, 0, 0.924473, 0, 0.381248, 31.1712, 0, -22.6307)

[node name="Pine_ind6" parent="map/Forest/Rando/Border_pines" instance=ExtResource("8_omepc")]
transform = Transform3D(0.381248, 0, -0.924473, 0, 1, 0, 0.924473, 0, 0.381248, 30.698, 0, -4.87886)

[node name="For_Grave7" parent="map/Forest/Rando/Border_pines" instance=ExtResource("9_hbkxb")]
transform = Transform3D(-0.952215, 0, 0.305429, 0, 1, 0, -0.305429, 0, -0.952215, 32.8055, 0, -41.6403)

[node name="Pine_ind7" parent="map/Forest/Rando/Border_pines" instance=ExtResource("8_omepc")]
transform = Transform3D(-0.952215, 0, 0.305429, 0, 1, 0, -0.305429, 0, -0.952215, 25.8787, 0, -39.0444)

[node name="For_Grave8" parent="map/Forest/Rando/Border_pines" instance=ExtResource("9_hbkxb")]
transform = Transform3D(-0.38357, 0, 0.923512, 0, 1, 0, -0.923512, 0, -0.38357, 41.4009, 0, -42.2405)

[node name="Pine_ind8" parent="map/Forest/Rando/Border_pines" instance=ExtResource("8_omepc")]
transform = Transform3D(-0.38357, 0, 0.923512, 0, 1, 0, -0.923512, 0, -0.38357, 19.8405, 0, -42.8587)

[node name="User Interface" parent="." instance=ExtResource("5_v5s2g")]
